|                ra|                 dec|
|            double|              double|
|               deg|                 deg|
|              null|                null|
  76.37754166666666   52.831100000000006 
 194.25974999999997   22.031299999999998 
  88.11504166666667   15.887152777777777 
 15.842458333333331 -0.34659166666666663 
  37.07154166666666   -8.454558333333333 
  42.22899999999999   33.763416666666664 
 111.96983333333333    32.23780555555555 
 123.78658333333333    7.529388888888889 
 156.12887499999997  -0.5352861111111111 
 167.74762499999997  -17.165027777777777 
 167.86374999999998   39.941111111111105 
 181.71004166666663    2.028461111111111 
 183.52129166666663    45.63847222222222 
 195.64349999999996    10.21083611111111 
  198.6877083333333   -3.237677777777778 
 228.58862499999998   0.7979972222222222 
 239.43916666666664    55.76936111111111 
 249.50149999999996   0.7882805555555555 
  273.6005416666667    78.90080555555556 
 315.46108333333325  -5.7641583333333335 
  352.4222083333333               0.1855 
 357.93454166666663              37.9285 
